      1
      2
      3
      4
      6
      8
      9
     10
     11
     12
     14
     15
     16
     17
     18
     20
     21
     22
     23
     24
     26
     27
     28
     29
     30
     32
     33
     34
     35
     36
     37
     38
     39
     40
     41
     42
     89
     90
     91
     93
     95
     96
     97
     98
    100
    102
    103
    105
    107
    108
    111
    120
    123
    136
    185
    186
    187
    188
    189
    190
    191
    192
    193
    194
    195
    196
    202
    210
    212
    232
    233
    234
    273
    310
    311
    312
    313
    314
    315
    316
    317
    318
    319
    348
    389
    390
    407
    424
    837
    839
    878
    879
    883
    884
    886
    887
    888
    889
    890
    891
    898
    899
    901
    903
    917
    922
    923
    924
    925
    926
    934
    968
   1012
   1020
   1035
   1058
   1165
   1173
   1176
   1177
   1312
   1762
   1786
   1803
   1809
   1819
   1821
   1824
   1828
   1832
   1837
   1857
   1858
   1864
   1865
   1869
   1873
   1881
   1887
   1891
   1900
   1918
   1936
   2008
   2025
   2031
   2032
   2036
   2038
   2041
   2049
   2066
   2076
   2084
   2089
   2096
   2097
   2104
   2113
   2122
   2129
   2145
   2176
   2184
   2191
   2193
   2204
   2205
   2209
   2210
   2211
   2214
   2215
   2216
   2218
   2219
   2221
   2222
   2223
   2231
   2236
   2237
   2238
   2251
   2265
   2326
   2346
   2352
   2374
   2385
   2462
   3227
   3234
   3326
   3375
   3443
   3512
   3557
   3591
   3685
   3762
   3836
   3854
   3924
   4046
   4422
   5278
   5884
   5948
   6552
   6881
   6940
   6945
   7066
   7077
   7113
   7119
   7125
   7136
   7298
   7300
   7312
   7322
   7354
   7370
   7419
   7482
   7484
   7485
